637.960876 248.591629
689.319275 246.045303
741.150452 243.214859
793.519592 240.451157
846.544922 238.088776
900.194824 235.445465
953.871826 232.851334
1008.242065 230.508194
1062.501709 227.725174
636.712341 298.667969
688.183105 296.281219
740.329773 293.717438
793.139954 291.307404
846.528442 288.962280
900.420166 286.742706
954.499512 284.433777
1009.258789 282.148621
1064.117310 279.781128
635.094177 349.434357
687.061646 347.389923
739.454834 345.283783
792.659180 343.043823
846.157043 340.676025
900.441711 338.629822
954.813660 336.451294
1010.192932 334.279175
1065.251099 332.366821
633.803162 401.516968
686.120605 399.574249
738.890259 397.724426
792.386353 395.812500
846.403198 394.022217
900.628845 391.878693
955.532288 390.034607
1010.924866 388.195770
1066.553467 386.753082
632.820740 454.050659
685.381348 452.602448
738.641479 451.108704
792.451904 449.569946
846.335754 447.779907
901.190125 446.412231
956.188110 444.711884
1012.015076 443.174011
1067.869873 441.797638
632.583069 507.571899
685.232910 506.285126
738.340576 504.920441
792.256042 503.479919
846.619873 502.101318
901.695374 500.950592
956.914795 499.684845
1012.809753 498.434204
1068.739136 497.115234
