521.729431 359.833588
573.105957 359.947083
624.539246 359.441559
676.353394 358.602417
728.071838 358.551636
780.046387 357.936096
831.699219 357.330353
883.691833 356.512665
935.412659 354.849701
518.689453 393.174164
570.983948 392.467072
623.573853 392.317200
676.224060 392.128418
728.791565 391.740509
781.645569 391.036804
834.299500 390.107086
887.142517 388.972992
939.729126 387.880157
515.449951 426.376129
568.734619 426.483429
622.211304 426.885620
675.954956 426.795868
729.521057 424.989868
783.351624 423.668030
836.872742 422.382782
890.941223 421.440155
944.302734 420.503754
512.293091 462.460571
566.533997 462.559479
621.043701 462.966583
675.620667 462.601135
730.252808 460.934235
784.897034 458.744659
839.716064 457.644775
894.606262 457.023071
949.016296 457.508942
509.001434 500.110321
564.186768 499.783508
619.637756 500.391968
675.436707 499.875092
730.906738 497.311035
786.883911 497.077484
842.499268 496.055298
898.476807 495.471069
953.775146 496.167969
505.652344 540.405029
561.804688 539.759094
618.373657 539.342712
675.041565 537.714966
731.774536 536.573425
788.607788 536.573730
845.300598 536.152344
902.149658 535.702271
958.621826 535.298340
