0.000000 0.000000 0.000000
24.000000 0.000000 0.000000
48.000000 0.000000 0.000000
72.000000 0.000000 0.000000
96.000000 0.000000 0.000000
120.000000 0.000000 0.000000
144.000000 0.000000 0.000000
168.000000 0.000000 0.000000
192.000000 0.000000 0.000000
0.000000 24.000000 0.000000
24.000000 24.000000 0.000000
48.000000 24.000000 0.000000
72.000000 24.000000 0.000000
96.000000 24.000000 0.000000
120.000000 24.000000 0.000000
144.000000 24.000000 0.000000
168.000000 24.000000 0.000000
192.000000 24.000000 0.000000
0.000000 48.000000 0.000000
24.000000 48.000000 0.000000
48.000000 48.000000 0.000000
72.000000 48.000000 0.000000
96.000000 48.000000 0.000000
120.000000 48.000000 0.000000
144.000000 48.000000 0.000000
168.000000 48.000000 0.000000
192.000000 48.000000 0.000000
0.000000 72.000000 0.000000
24.000000 72.000000 0.000000
48.000000 72.000000 0.000000
72.000000 72.000000 0.000000
96.000000 72.000000 0.000000
120.000000 72.000000 0.000000
144.000000 72.000000 0.000000
168.000000 72.000000 0.000000
192.000000 72.000000 0.000000
0.000000 96.000000 0.000000
24.000000 96.000000 0.000000
48.000000 96.000000 0.000000
72.000000 96.000000 0.000000
96.000000 96.000000 0.000000
120.000000 96.000000 0.000000
144.000000 96.000000 0.000000
168.000000 96.000000 0.000000
192.000000 96.000000 0.000000
0.000000 120.000000 0.000000
24.000000 120.000000 0.000000
48.000000 120.000000 0.000000
72.000000 120.000000 0.000000
96.000000 120.000000 0.000000
120.000000 120.000000 0.000000
144.000000 120.000000 0.000000
168.000000 120.000000 0.000000
192.000000 120.000000 0.000000
