236.683960 261.136414
272.210876 260.513000
307.399414 260.032806
343.614471 259.077209
378.983398 258.986176
415.005341 258.235901
450.466125 257.979340
486.716278 256.845154
522.565552 255.785767
231.668640 291.737061
267.626465 291.103638
303.847168 290.797119
340.026703 290.761200
376.392883 290.040924
412.432953 289.362671
449.163818 288.264282
485.555664 287.738098
522.083130 286.365631
226.010361 322.678253
262.751801 322.080414
299.443054 322.741730
336.547699 322.455780
373.273285 320.884064
410.230591 319.299103
447.066528 318.705383
484.773071 317.376740
521.221924 316.799011
220.647293 355.794342
257.652191 355.843658
295.296783 355.893524
332.510162 355.743530
370.177734 353.897583
407.416779 351.903992
445.747528 350.747345
483.166534 350.450684
521.467773 351.183533
214.797028 390.848969
252.699158 389.886780
290.670258 390.290100
328.897675 389.785980
366.778107 387.609558
405.432892 387.182281
443.601135 386.846069
482.358612 385.934448
520.578247 386.964020
209.228729 427.234436
247.050064 426.577179
286.467712 425.985992
324.861115 424.493622
363.617645 423.459412
402.299713 423.445679
441.893158 423.180481
480.685516 422.874695
520.420227 422.678955
