313.227600 157.642456
347.849091 155.169922
382.749664 152.508347
418.120300 149.808228
453.970734 147.587921
490.411835 145.007462
526.966797 142.426361
564.290710 140.035828
601.341919 137.367615
311.585022 203.995834
346.039124 201.870087
381.128906 199.360550
416.788544 197.142029
452.873383 194.856461
489.225769 192.707199
526.124390 190.433212
563.434448 188.319382
601.133118 186.035767
309.417236 251.269363
344.309662 249.204605
379.475952 247.192551
415.364960 244.985809
451.378357 242.870102
487.959106 240.994720
524.982788 239.028290
562.622070 236.772018
600.305176 235.242157
307.770325 299.184723
342.728607 297.351227
378.194946 295.481873
414.158936 293.744080
450.456848 292.062683
486.925781 290.117920
524.298096 288.445404
561.955505 286.928223
600.135986 285.542542
306.305359 347.597046
341.420776 346.046844
377.135162 344.635223
413.374390 343.230988
449.464539 341.657715
486.463867 340.375031
523.803406 338.991852
561.807068 337.597931
600.011230 336.589508
305.580109 396.504150
340.620300 395.338226
376.214111 394.098389
412.337219 392.780823
448.804138 391.561340
485.883331 390.584015
523.455322 389.500336
561.399841 388.629456
599.598511 387.709106
