425.503540 480.636169
478.887970 481.994537
532.743896 483.318970
586.953857 484.401154
641.241272 485.725372
695.634155 486.746918
750.171692 488.205872
804.945801 488.926331
859.463684 489.717285
419.174194 520.674316
473.587646 521.877991
528.290100 523.206055
583.455200 524.536255
638.633179 525.833496
694.059448 527.176636
749.459839 528.256592
805.226379 529.260864
860.651245 530.013855
412.680176 562.506897
468.103302 563.919189
523.603882 565.163757
579.665222 566.208862
635.783813 566.637512
692.379028 567.615417
748.666138 568.528198
805.463623 569.680847
861.909973 571.075989
406.097626 605.678101
462.211334 606.567200
518.807983 607.339050
575.728516 608.131470
633.058472 609.706177
690.486389 610.627136
747.812683 611.738647
805.622864 613.001587
863.251160 614.171143
399.070221 649.709351
456.377808 650.834290
513.758484 652.098938
571.893677 653.599304
630.043396 654.832642
688.616272 656.907104
747.041626 657.859680
805.766113 659.016663
864.331970 660.751221
392.423523 696.862976
450.434326 698.441284
509.037262 699.793457
567.947632 701.251526
627.262878 702.465454
686.668823 704.038208
746.132202 705.550598
805.822998 706.819092
865.341736 707.890015
