539.000000 496.000000
579.434875 490.813568
630.506409 491.800537
680.685730 492.435913
729.382874 493.391022
777.474854 494.078064
823.648926 494.657806
869.578491 495.386017
913.968262 495.772827
533.414612 546.766663
586.232727 546.903564
637.518494 547.204163
687.844543 547.356506
736.871521 547.419434
784.855774 547.523987
831.541870 547.512390
877.251831 547.527588
921.826294 547.455872
539.755981 604.754333
592.466370 604.151489
644.369446 603.594421
695.207825 602.793945
744.965210 601.844788
793.521729 601.290283
840.360901 600.477051
886.212463 599.788330
930.571777 599.443359
546.094177 663.464050
599.775513 661.927673
651.984924 660.252136
703.343689 658.763428
752.538940 657.590210
801.269531 656.119202
848.387512 654.713379
894.438049 653.546509
938.922241 652.107483
553.108826 722.529175
607.016296 720.208618
659.248840 718.168030
710.296448 716.082031
760.190002 713.876831
808.010132 712.159973
855.355103 709.911438
901.694336 707.948120
945.713928 706.117737
559.362427 782.773376
612.900208 779.664185
665.404053 776.976807
716.776611 773.775452
766.785278 771.172791
815.147278 768.403442
862.248474 765.571167
908.431335 762.870789
953.293518 760.108459
