666.211975 359.164520
708.805847 360.041077
752.862122 360.708740
798.275513 361.595459
845.279724 362.511322
893.473877 363.503845
943.448914 364.470551
994.778076 365.524384
1047.682495 366.538635
663.394409 413.502960
705.730591 415.108124
749.678894 416.784149
795.411926 418.556244
842.388489 420.439392
890.677856 422.375641
940.496216 424.343994
992.111328 426.390167
1044.750488 428.492798
660.534607 468.169952
703.078125 470.608704
746.696106 473.156494
791.920410 475.808838
837.992615 478.502777
886.143311 481.359375
935.737427 484.313324
987.302063 487.395905
1040.483521 490.497528
657.345276 522.766785
699.471802 526.076538
742.515137 529.467224
787.372375 533.012329
834.411865 536.745850
882.224976 540.555725
931.610168 544.557556
983.323792 548.540894
1036.309814 552.840271
653.791382 577.377869
695.693787 581.571838
739.049561 585.896790
784.537659 590.469604
830.531677 595.027100
879.261414 599.794006
928.662415 604.690857
980.210327 609.852844
1033.603760 615.042969
650.417969 631.765442
692.961304 636.892151
736.478638 642.052917
781.401978 647.488892
827.626831 653.051758
876.165405 658.605774
925.781250 664.576843
977.460449 670.515991
1030.223877 676.838257
