497.217224 171.393738
524.361328 171.900299
552.488464 172.454468
581.557068 173.030182
611.747375 173.712662
642.975830 174.452316
675.569824 175.307739
709.071228 176.145569
743.890442 177.100143
495.391266 222.361481
522.417603 223.799210
550.419250 225.201004
579.770691 226.910538
610.015320 228.538483
641.243530 230.359314
673.797546 232.199097
707.527832 234.249680
742.208557 236.353165
493.562866 273.754639
520.753479 275.941467
548.576233 278.355164
577.480652 280.853607
607.033203 283.491333
638.108276 286.466217
670.429321 289.765961
704.285156 292.646240
739.349548 295.972046
491.428375 325.096161
518.275574 328.314148
545.722290 331.586700
574.421814 335.091827
604.722351 338.783051
635.487610 342.721222
668.014526 346.925171
701.610779 351.447662
736.839233 356.197693
489.081238 377.506866
515.701599 382.236206
543.456787 387.488678
572.831848 390.398682
602.125671 395.674042
634.184082 399.605255
666.080200 404.887207
700.038574 410.183716
735.380371 416.414398
486.690979 428.173615
513.947632 433.409271
541.812012 438.687103
570.677185 444.225433
600.491333 450.076874
631.982422 455.956818
664.707886 462.356049
698.627136 468.898315
733.525513 476.483185
