392.699371 300.601685
423.313446 295.468658
461.871216 296.116516
499.979156 296.449310
537.276978 297.245789
574.184143 297.755005
609.713806 298.317566
645.424561 298.985687
679.277954 298.848419
387.135010 348.179230
426.535492 348.169342
465.849213 348.270691
503.789124 348.449677
541.648865 348.576202
578.306519 348.669434
614.421875 348.788483
648.510193 349.046356
656.890625 339.837677
389.781830 402.937805
430.116058 402.324921
468.953003 401.702942
507.870850 400.904449
545.964294 400.135468
583.391602 399.730927
619.479492 399.316132
655.138000 398.467621
690.886536 400.552094
392.919861 458.280975
433.333008 456.915405
472.969971 455.349762
512.206848 454.160797
550.187622 453.383881
587.623657 452.377625
624.351990 451.370758
660.471008 450.881989
695.766846 450.078217
396.112366 514.418701
437.124329 512.425476
476.620819 510.901947
516.005981 509.190735
554.406067 507.574646
591.635803 506.443146
628.472900 504.935608
665.020630 503.599762
699.666870 502.563538
399.177399 571.944092
439.753937 569.533936
479.935211 567.359070
519.451050 564.835571
558.216248 562.971863
595.656067 561.103699
632.716431 558.977661
668.959717 557.249451
704.683655 555.277283
