329.124878 286.400421
366.191132 287.406769
403.780273 288.442413
441.778107 289.023529
479.870758 290.210297
518.452515 290.994781
557.152954 292.409393
596.266602 292.994507
635.313782 293.685730
321.436096 324.018951
359.121857 324.914795
397.384644 325.890167
435.971832 327.043457
474.710236 328.028076
513.791016 329.271698
553.356567 330.258545
592.975281 331.325134
633.061279 332.148010
313.345978 363.345703
351.903442 364.429871
390.491455 365.491547
429.814545 366.473083
469.100555 366.892212
509.176208 367.953064
549.147156 369.315765
589.638794 370.247437
630.423096 372.118896
305.317352 403.798523
343.965698 404.639282
383.576630 405.153229
423.202667 405.974335
463.640961 407.425201
504.007751 408.485199
544.985779 409.728394
586.175598 411.335541
627.689819 413.089386
296.556122 445.286835
336.242950 446.193848
376.086945 447.443359
416.843506 448.915863
457.638275 450.308502
499.115082 452.461548
540.658813 453.855652
582.731506 455.409973
624.883972 457.699524
288.104828 489.704315
328.192413 491.250610
369.000275 492.593292
410.205353 494.230225
451.915985 495.696106
493.829895 497.824158
536.335693 499.596344
578.984375 501.474121
621.895569 503.239471
